le'lffl ΙΙΙ, (ΣΙΙᾹΙἸΤΙῖΙέ x'l. ΙῖΓι

(1101111 (1111 1111110 101101110111 (1011101110 1011110 1111115 111 1011111111111,
01110 00110 1101111 aux suggestions 111111101011505 (10. 10111101111.
Dans 10 111111111115 (011111101111115 10 11011 5110005, 51111 0113111 051
ὀὲν-3101110111 11 11101.

2. Cvlui 110111 l'amour 051 dolah-6, 00115111010 1110111510 11011
110 001111 qui aime, (1110 1111110111· 110 001111 qui donne.

L'ass'ection 10 10110110 111115 (1110 10 11101111111, 01 11 11101010 5011
bien-anmi Ξι 10111 00 (11111 100011 (Ιο lui.

Celui 11111 1111111110 111111 1111111111 3011010111 110 50 1011050 pas
dans 11105 110115. 1111115 011 11101 par-(lessus lons 11105 110115.

Ne croyez 11115 10111 11011111 00110111111111, s‘il 10115 1111110 111·
5011111, 110111· 11101 011 110111· 11105 5311115, 11101115 (1111110111- (1110
10115 110 1011111102.

Cet amour 10111110 01 doux 11110 10115 01110111οΖ (11101111101015,
0511’011’01 (10 111 1110501100 110 111 grin-e, 01 11110 50110 1111111111-
«50111110 la palric- 00105101 11 111 saut 11115 0110101101 11011 111111-
11111, 1111100 qu'il 1111550 0011111ιο 11 051 101111.

Mais 0011111111110 105 1110111011101115 1101051105 (10 11111101 011110-
1111501· 105 5011101111110115 du (10111011, 1·’051 1111 grand sujcl 110
11101110, 01 111 111111111ιο 1111110 5011110 101111.

3. Ne 10115 1101111101, 110110 1101111 (105 111111011105, 1111015 1111115
5010111, qui 01150110111 111110 11111131111111011.

(10115011οΖ 11110 105011111011 1011110 01 11110 111101111011 (1111110
(10111111 Ι)1011.

(Ξο 11051 1101111 11110 1111151011, 51 quelquesois 10115 0105 5011-
(111111 11111011 0111150, 01 (1111111551101 10115 1010111111οΖ 1111115 105
1101151105 11115011111105 qui 00011110111 (1011111111110 10110 010111.

Car vous 5011111·οΖ 111015 111115 (1110 10115 11113155οΖ1 01 111111
(11101105 10115 11011111150111 01 11110 10115 y 105151οκ, 0051 1111 1110-
1·110 01 111111 11115 11110 0111110.

