ss ljmll'l'ATwN nb] .ll‹']s{*s-(1}ll{ls'l'.
5111100 511111110, 010100 111115 1111111 (1110 1111110 111 1110110000 (111

sii-vlo.

11. Mors 011 1101110111 111115(Ιο joie (111115 111 11111010 (111110
11011110 001150101100, (1110 (111115 11110 (10010 111111050111110.

111015 10 111011115 (105 1101105505 1111111 111115 (10 1101115 (111115 111
11111111100, (1110 10115 105 1105015 (10111 10110.

ΑΙ(11·5 10 5011101111· (111110 11101150 1111010 10115 50111 (10 111115
(10 00115011111011, (1110 001111(1”1111 1011115 5111011(11(10.

ΑΙ(11·5 10115 10115 10101111·οκ 111115 (111 51101100 3111110. (1110 (10
101105 011110110115.

Alors 105 (0111105 5111111051’011111(;11·101·0111 5111· 105 1101111Χ (115-
001115.

ΑΙ(11“5 10115 111010101οΖ 11110 110 (10 1101110 01 (10 111111111 11 10115
105 1111115115 (10 111 10110.

,411111011οκ (10110 11111111101111111 11 511111101101 (1001(11105 1090105
50111111111005, 111111 (10110 111015 (1011110 (10 50111111111005 111115
grandes.

Eprouvez 101 (1”111)01·(1 00 (1110 10115 1101111·οΖ (111115111 511110.

Si 10115 110 110111οΖ 11111111101111111 501111111· 51 11011 (10 chose,
001111110111 511111101·101οΖ-10115 105 1011111101115 0101110152

Si maimenanl 111 1110111010 (101110111- 10115 0111150 111111 (11111-
11111101100, (1110 50111-00 (10110 111015 (105 [01111105 (10 10111011

11 y 11 . 11”011 (10111οκ 1101111, doux 10105 (111011 110 110111 1·0111111·;
10115 110 110111οκ 11011101· 101-11115105 (1011005 (111 111011110, 01 10-
gum· 0115111ιο 11100 1105115-(1111151.

7. Si 101151111οκ 100111115111111 0010111 (111115 10511011110111·5 01
105 1011111105, (10 (11101 00111 10115 501111011-11, 5”11 10115 11111011
111011111 Ξι 1“1115111111“ἷ

1)011(· 10111 051 11111110, 11015 11111101· Ι)1011 01 10 501111· 1111 50111.

1Ῑ111· 001111 (1111 1111110 111011110 10111 5011 010111. 110 01111111 111111

