[1111111. (ΣΗᾹΙἸΉΗί xxm. 81

1) 511111111110 01 11111010 1111 010111· 111111111111, 11111 111· 1101150
11111111 111050111. 01 110 11101011 11115 1111011111

1111115 1011105 1051111111115. 1111115 1011105 105 [10115005. 10115
110111οΖ 0110 101 11110 111115 5011οκ s‘il 1011511111011 1111111111· 1111-
jourd'lmi.

Si 10115 1111οΖ 11110 11011110 001150101101· . 10115 0111111111101 11011
111 1111111.

11 11111111011 11110111 011101· 10 1100110. 11110 suiv 111 111011.

81 11111111111111111 10115 110105 11115 11101. 001111110111 10 501·οκ-
111115 domuin?

Demain 051 1111 joun· 11110111ιί11 ; 01 11110 511101-10115 51
10115 11111·οΖ 1111 1011110111111111)

2. Quo 5011 110 11110 11111010111115. 11111511110 110115 110115 1111·-
1·1ςο0115 51 peu?

Ah! 11110 longuc 110 110 esu-rigo 11115 10111011151 5111110111
11111101 0110 augmento 1105 11111105.

Ρ1ῦ1 11 Ϊ)1011 11110 110115 0115510115 111011 10011 1111115 1-0 1111111110
1111 50111 jour!

plusieurs (011111Ῑο111 105 1111111305 110 10111 1011101510111 mais
501110111 1111115 50111 11011 (1111111105 . 01 11110 1-05 1111110115 0111 010
5115111051

8”11 051 101111)Ιο (10 111011111. 110111-0110 051-11 111115 11101901οι11
110 11110 51 1011010111115.

Heureux 001111 11 qui 11101110 (10 511 111011 051 1011101115 1110-
50111οἿ 01 qui 50 1110111110 0111111110 1011111 1110111112

81 10115 avez 111 jamnis un 1101111110 111011111. 50111107, 11111·
vous aussi 10115 1111550107, par 00110 1010.

3. Le 111111111, 110115οῑ que 10115 11’11110111111οΖ11115 10 5011·; 10

51111. 110507, 11115 10115 111011101111] 110 1011 10 111111111.
11

