1152 L'lMl‘l'ATlON DE JESL'S-CHRIST.
105 00110115. 5”115 110 50 1111550111 1·0111111100 pal· 1105 110050111105
111’11111’·1111“.5’.

3. Qun· 5115 10111οι11 5111110 10110 5011111110111 11111101 11110 110
0011100 11 1“1’·,1·111”1·10111·0110511111005. 10 0051111111 10111· 011 50011 fu-
110510. 51 1011101015 115 5”1111511110111111111510111· 11001100 50115.

1111001110111 ceux 11111 50111 Sages 11101105 10111 50 1111550111
111111111101110111 00111111100 11111· 105 11111005.

11 111111 11110111 ‹Fu-c 11111111110 11101· 1111 0511011 01 1105 11111110005
1111011005. 11110 1101105501101· 1105 10051105 110 50101100, 01 110 50
01111111111100 011 501-11101110.

11 1-11111 11110111 110111· 10115 1111111· 11011, 11110 beaucoup dont
1·0115 111111001οκ vous enorgtwillilu

(101111-111 111111111110110 111-111101100, 11111 50 11100 111111 0111100 11 111
joie, 1111111111111 5011 indigens-0 11115500, 01 1·01ῐο 01111510 0011111ῐο
1111 8010110110, 11111 1111110011011110 110 11001100 111 grimo 000110.

0051 1111551 1111111111101· 110 100111 11110 110 50 11115500 111101· Ξι 1111
1100011111901110111 01005511, 111110111115 110 1’11111’01·5110 01 110 Γύ-
111·0111·0. 01 11“111·011· 1105 1101150115 01 1105 50111111101115 indignes 110
111 011111111111·0 11111111 1110 111111.

ν1. (301111 11111, 1111011111 111 111111. 11 101111 110 Seioua-ini, 50 trouve
souvem. 110111111111 1119110000. 10111115111111110 01101111151110110.

Si, 110 1101451111111111 1111111115 110 111115-11101110, 10115 51111οΖ 110-
1110110001011101105 11111111110, 1110110001· 01 003101· 105 1110111011101115
1Ιο 1·011·0 0511011, 10115 110 1011111001οκ 11115 51 14110111111510 110011
01 1111115 10 1100110.

(sest 11110 1101111111ιο sago 11110 110 11011500, 1111011111 111 10010110,
in 00 11111111 50011 1111115111 1101131101] 110 111 1111111000.

Et 1111111111111115 011 0105, 011 01101. 111-110. 501111οΖ 11110110 110111,
00101110. 01 11110 je 110 111115 1”111 0011000 pour uu 10111115 1111“011
11ιο 110 11111 glun-0. 01 1111111· 011-1101· 11110011011111100.

