1711 L'lMlTATlON DE JESPS-CHRIST.
111115 5011191111 (1911101. 1111511119. (19111 91111159, (0115111119. jn·
1190911015 1915 111 111011 '3

Υο119 11115911901119 9111915 10119 5911119111· 11 1111559 loun¹
951191111199ς 91 111115 11197, 191111111111 5111· 1111 10119 grimo 91
111119 111110111. 111911 1111119111 (19 10111 99 (11111 1101111111 111911191.

0119 10115 1911111111-19 110111 1111919119 favour? Car il n‘es!
11115 (1011119 11 10115 (19 10111 (11111191. (19 1911011991· 1111 519919 pom·
9111111115591 111 119 1911ςί91159.

Ε51-99 faire beaucoup (1119 (19 10115 591111, 10115 (111(-
110119111 591111· 1011195195 919111111951)

(19111 (1011 1119 5911111191· 11911 (19 chose ; 1111115 99 (1111 1119 paruit
grand 91 11191191119111, (9951 (1119 10115 (1111311191 1111199111·
service d'une 9191111119 51 111111119 91 51 1111591111119. 91 1’11(1-
11191119 parmi 195 5911119111511119 111115 11111191.

3. Το111 99 (11191111, 10111 1·9 (1119 19 111115 90115119191· Ξι 10119
5911199, 951 Ξι 10115.

Εῑ 119111111101115, 11191111111 110111· 1111151 (1119 111111111199, 111115
1119 591192 111115 (1119 11101-11191119 19 119 10115 5915.

Υο1111 (1119 19 (3191 91 111 19119, (1119 10115 11197, 91995 pom· 11·
5911199 (19 11101111119, 50111 (19111111 10115. 91 9111111119 10111· 115
9199019111 10111 99 (1119 10115 19111 11197. 901111111111119.

C‘est 11911 encore: vous 1119κ 1119111119 pour 11101111119 19
11110151919 11191119 (195 Auges.

Mais 99 (1111 sul-passe 101117 111115 avez 1111111119 19 591111·
10115-11191119, 91 101151119κ 1111111115 (19 10115110111191111111.

sm. Quo 10115 1911111111-19 110111· 111111 (19111911ῗ Ah 1 51 19 11011-
1015 10115 591111· 10115 1951111115 (19 11111 vie! 5119 1101111115 1119111(-
1111 591111011110115 591111· dignement !

11 951 111911 11111 (1119 111115 9195 ‹lig-nc· 11911(- servi 11111191-
591191119111. (119119119111111 111111119111· 91 11111191011111111(-(1191119119.

