MYRE 1, (ἱΙΙᾹΡΙΤΙὶΙῖ vll. 3¹.)

No 111115 111111111οκ 11111111 5111· 1(1115-111(“·1110, 01 111· 10115 11·-
1111507. (1110 5111· Ι)1011 50111.

Paulos 1·0 11111 051011 111115 , 01 1)1011 50(·11111101·11 111110 1111111ιο
10101110.

Ne 10115 (111111ογ, 11111111 011 111110 50101100, 111 (111115 11111111-
1010 (11111011110 ‹nahum-m 1111115 11111101 1111115111 grum (10111011.
(1111 111110 105 111111111105 01 11111 11111111110 105 111-0511111111110111.

2. Ne 10115 13101111οκ 1101111 1111115105 1111105505. 51 111115 011
avez, 111 (111115 105 1111115 1111100 (111115 511111 1111155111115, 1111115
0111)1(,·11, (1111 (11111110 111111, 01 11111, 11111-(1055115 111111, 1105110
encore se donner 1111-11101110.

Ne 10115 0101οΖ 1101111 11 0111150 110 111 111100 011 110 111 110111110
110 10110 001115. (11111110 103010 111111111110 1111111 01 1101111.

N'ayez point 110 0111111111115111110 011 10115-11101110 11 0111150 (10
10110 0511111 011 (10 10110 11111111010 , (10 110111· 110 (1011111110 11Βί011.
110 11111 110111 10111 00 (1110 10115 111οκ 10011 (10 111111 110 111 111111110.

3. No 10115 0511111οΖ 11115 11101110111· (1110 1051101115. 110 0111111ίο
(1110 110111-011·0 10115 110 5111οΖ 11110 aux ycux 110 Dieu⁷ qui 51111
00 qu'il y 11 (111115 [1101111110.

Ne 10115 011111011011115507. 11115 (10 1115 1111111105 10111105 , 0111·
1051110011101115 (10 Ι)1011 511111 011-11055115 (11· ceux 1105 11011111105,
01 00 11111 1111111 aux 11011111105, 5111110111 1111 1101111111.

S'il 1 11 (1110111110 111011 011 111115. 01111οκ 1111”11 y 011 a 111115
(111115 105 11111105. 111111 (10 (1111501101 1111111111110.

“ vous 110 1111511111οΖ 1101111 111115 11101110 1111-(105511115 110 mus:
1111115 11 10115 501011 1105-11111511110 110 111115 11101ὶῖ101 11 1111 50111.

1,’110111111011111111110101111 (111110 111111 1111111011111101 111 (111010

01 1’011110 110111110111 10 010111 (111 5111101110.

