22⁸ L‘lMsl'A'swN DE JESUs-Clllzlffl‘.

[01511110 10115 0111)·οἰ 10111 11011111, 00. 11051 5111110111 (1110
[0011151011 11”’1111 111115 grand 11101110.

Τ 0111 11'es1 11115110111111111111111Ιο 5110005 110 101101111 11115 Ξι 1115
(105115.

Υο115 110 (101οΖ 11115 juger 5011111 10 5011111110111 111050111, 111
1011511111111110111101· 11 1111011110 111111011011, (1110110 (111’011 5011 111
0111150, 01111115 10111011001, (01111110 5“11 110 101151051011 1111111»
051101111100 (1011 501111.

4. Ne 110115οκ 11115 (1110 jo 10115 1110 10111 Ξι fait 1101111550,
1111511110 10 111115 afflige pour un 10111115, 011 1111010 10115 101110
11105 001150111110115 ; 0111· 0051 1111151 1111’01111111110111 1111 1011101110
1105 0101111.

Et 001105, 11 111111 11110111. 110111· 10115 01 110111· 1011511105 50111-
101115 0110 0101005 11111· 1105 1111101505, (1110 (10, 110111011101 111-
1111115 1111011110 0011111111010.

,10 001111015 11· 500101 110 10110 010111, 01 10 51115 (111’11 051
111110 110111· 10110 5111111 11110 111115 50107. 111101111101015 1111115 111 50-
011010550, (10 011111110 (11111110 10110111· 001111111ιο 110 101151101Ιο Ξι
111 1110501111111011, 01 11110, 11111 11110 1111110 001111111115111100 011 10115-
11101110, 10115 110 10115 101ος1111οΖ 0110 00 11110, 10115 110105 11115.

Co (11101111 (1011110, 10 111115 11110101 1010111110 111111111111 1110 1111111.

5. (ᾄο 1111010 (1011110 051 101110111511 11101; 00 1111010 10111-011115
11051 1101111 11 10115 ; 0111· 1·’051 ‹h› 11101 11110 110001110111 111111 111011
01 10111 11011 1111111111.

Si 10 10115 0111010 (1110111110 1101110011 (1110111110 001111111110111111.
11”011 1110111101οκ 11115, 011111010110 010111· 110 50 1111550 11111111
11111111101 0111· 11 1111151 011 1111 11101110111, 10115 1113111101· 110 w
110-(101111, 01 0111111001· 111110111510550 0111010.

El 1015111ιο 1011 1150 1111151 11100 10115, 11 51115 111510 01, «ligne
111-1111110 1011111100.

