LIYRE 111, (ΣΙΙΑῙῚΤΗΕ xxvn. 2111

CHAPITRE XXVI!

QQ'E L'Anlmu DE 501 EST LE l‘Lt'S (mxxv OBSTACLE QL'! Equan L'llomm
DE PARYENIR A( SOU‘ERAIN BIEN.

  
  

,fssffifier-cnmffl. 11 saut„ 111011 1115, (1110 10115 10115 (1011-
”11102 10111 0111101110111 1105501101 111111, 01 (1110 11011
⁴ 011 10115 110 5011 11 10115-11101110. ,
81101102 que l’anloul· (10 10115-11101110 111111 111115
(1111111011110 011050 (111 111011(10.

011 110111 11 0111111110 011050 111115 011 11101115, 501011 111 111111110 (10
l'affeclion 01- (10 1111110111· (111011 11110111· 0110.

81 10110 amour 051 11111, simple 01 111011 101110, 10115 110
50102 05011110 (11111011110 011050.

Νο (1051102 1101111 00 (11111 110 10115 051 11115 permis (1111011,
1011011002 11 00 (1111 0001111011011 10110 111110 01 111 111110 (10 511
11110110.

11 est 0111111ἓο (1110 10115 110 10115 111111111101111102 11115 11 11101
du fond du coeur, 11100 10111 00 (1110 10115 11011102 (1051101 011
1105501101.

2. Pourquoi 10115 001151111101 (111110 1111110 11151055οἹ Ρο111·-
(11101 10115 1111191101 (10 501115 51111011111511

Βο1110111·02 501111115 1111111 10101110, 01 11011110 110111111 10115
1111110.

81111115 0110101102 0001 011 00111, si 111115 11111102 0110 ici 011

