Luni-2 1. 1111.11’1’1’111·] Nl. '17
(1111 05110101110115;ι;.;·1·;“1(·0; 01 (’“(·51 1111 (1111 110115 (1011110 (105 (10-
00510115 (10 0011111111110. 111111 (1(· 1101151·011(11’0 1101011001.

Si nous 1111100115 11111(1110111(·111 10 11100105 (10 1;1 110 01110-
11011110 (111115 105 (11150111111005 011(’·1·10111·05. 110110 (101011011
sora (10 11011 (10 (111100.

1110110115 (10110 1;1 0001100 Ξι 111 11101110 (10 1”;11·111·0. 111111 (1110.

(10001105 (105 1105510115. 110115 11(1550(110115 110110 111110 011 111111.

5. Si 110115 (101·11011110115 (·11;1(1110 11111100 111150111 1100, 111011-
101 110115 50110115 1101111115.

Mais 110115 501110115 501110111 1111 0011111111(- (1110 110115 0110115
11101110015, 01 (1110110110 110 01011 111115 111110 1(11·5(1110 110115
(111111111110510 510010, (1111111105 111115101115 10111005 (10 1110110551011.

Nous 1101110115 0101110 01111( 1110 jour 011 10110111· 01 011 101111.
01 111011110110111 011 0011111ιο 110111· 1100000111) (1111011- 00050110
11110 11111110 (10 511 10110111.

Si nous 110115 1111510115 (10110111 (11111011 (10 110101100. 110115
110111110115 10111 111110 011511110 111501110111 01 01001010.

6. 11 051 (1111· (10 1011011001· 51 505 1111111111(1(·5; mais 11 051
111115 (1111· 0110010 (10 001111101 511 11101110 10101110. ’

(Inpendam 51 10115 110 5111·οΖ 11115 10115 10111010 011 (105
(110505 10110105. 001111110111 1011111(’11·101·οκ-1(1115 (105 110101105
111115 difficiles?

1105151οΖ (105 10 0011111101100111(·111 Ξι 10110 111(’1111;111(111; 10111-
11οΖ sans aucun 1·01;11·(1 101110 habitudo lnauvaisc. (10 110111·
(1110 11011 Ξι 11011 0110 110 10115 01111110(- (111115 (10 111115 grandes
(111110111105.

Oh! 51 10115 (0115111011οκ (111011011011 110111· 10115. (1110110 ,1010
110111· 105 11111105. 011 11111111 001111110 10115 10 (10101. 10115 1111-
1102, ι10 crois, 111115 (1’;11·(10111· 110111· 10110 111·;111(·(·1110111 5111-
1111101.

