[ivm-2 ΙΙΙ, (ΣΙΙᾹΙἸΤΙὶΕ xxm. 2055

11111119119 1111115 111111151111191111·, 11191· 1111 grand 19511911 91 11111·
591191151· 1111911111111, 111115 1115 111911111115, 111111 119 10115 911 19111119
119 dignes 1191111115 111· 111-11995.

,19 51115 99119111111111. 91 11 1111119551· 11111· j‹ 119 111115 1911111-
11111111· dignement 111 11101111119 119 1115111191115.

,19 51115 1111119550115 119 111115 195 1119115 11119 111115 11111192 111·-
90111951 91 1111111111 je (0115111919, 10119 91911111011 111111119, 1111111
9511111 5111111119 1111115 111119 μι·1111119111·.

9.. Το1119911119 110115 11111115 911 110115, 1111115 1111119 1111115,
1111115 110119 111119, 10111 9911111· 110115 1111559110115 91 1111 1191111115 91
111111911015. 11111151“111·111·9 119111 griffo 1111 119 111 111111119, 1·’951
10115 11111 110115 1’1119[ 11011119·7 91 1115 111911111115 110115 11111119119111
511115 99559 10119 1101119ἦ 10119 19111119559. 1111111191159 11119111-
1119 110111 10115 11591, 9111915 1111115. 111115 119 11111 1111115 11911119111
10115195 1119115.

Car 10111 119111 119 10115. 11110111119 1”1111 1990111 111115, 11111111·
11101115 ; 91 511115 10115 110115 591-101151111111111151111195119 10111 111911.

(39111111111 11 19911111111111111ς9 119 119111 59 5110111191 119 5011
11191119, 111 5919191· 1111-11955115 119511111195, 111 1115111191 11 991111
1111111 1110111519911 1 9111· 991111-111 95119 11191119111· 91 19 111115 grand.
qui 5’11111·1Ι]119 19 11101115, 91 11111 191111 91119951119919111115 119
19119111· 91 11111111111119.

Et celui 11111 59 911111 19 111115 111 91 19 111115 indigne 119 10115.
951 19 111115 111-01119 11 19991011· 119 111-1111115110115.

3. 0911111111111111011151·91;11.111-1Ι1’111 111 5”111111;ς91·,1115911111111111·1·.
111 9011991011· 119 1911119 11111119 ceux 11111 0111 19911 111111111111119ς
1111115 11111101 119 1991111191· 11119 10115. 91 101191· 119 101119 5011 111119
10119 1101119, 1011101115 111919 11 1·1”·1111111111’· 595 110115 51 11111111-
11111111119111, 51 91111111191119111. 511115 1199911111111 119 11915011119.

Toni 111-111 119 111115. 1·1 ainsi 111115119197,9111· 1111111111- 111111.

