1,11’111]111, (ΣΗᾹΡΙΤΗΕ lV. 1111

grimo, 5011111 10110 11311110. Qu¹ 10110 101110 11111151111150.

11110110 1110 1101011110 , 11110110 1110 0111150110 13511113 13 1111 113115
13 1010 1111 531111.

(31101Ιο 1110 11011110 110 10111 110511· 1113111315. 110 101110 31100-

11011 ‹hh-(glaz 01 jv 111310110131 11013111 10115 113115 11110 1513111111
11110110 110 1710111.

3, J.—C. [3101110. 1·“051 11101 : 10 10115 0115011111013100 11111
051 11011, 1·1· 11111 111051 3111031110.

Β311110107.-1·1ζ1115 105 11001105 3101· 11110 grando 1101110111 01 1111
1110101111 segrei: 01 110 110115οι 13111315 0110 111101111ιο 0111150. 11
031150 1111 111011 11110 10115 131105.

Car, 113115 13 101110,111115 110105 11111111 1100110111, 511101 Ξι
110311001111 110 1135510115 01 01103ςο 113115 101115 110115.

Ι)0 10115-11101110, 111115 101111οι 1011101115 311 1103111ς 1111 11011
10115 011131110. 111111011 10115 31131, 1111 1·1011 10115 1111111110 01
10115 1101·0111·3ςο.

Qu'avez-vous 110111 10115 1111155107. 111115 1110111101 '3 Ε111110
110 11101115, 311 1011113110, 110111· 10115 11101111501· 10115-1110111111
car 10115 0105 1103110111111 111115 1111111110 qu«¹ 10115 110 531111οι 10
001111110111110.

4. Quo 1·1011 110 00 11110 10115 131105 110 111115 1131111550 110111·
quelque 0111150 110 grand.

Mais 11111101 11113 105 1011111011 110 51111 11131111, 1110010111.
31111111·31)10. 01010, 11111111· 110110 05111110, 10110, 101’11011·111’·, 11110
1·1· qui 051 01011101.

Ailuez, 1131-11055115 11111105 0110505, [0101110110 101110, 01
1131-οΖ jamnis 11110 1111 111011115 110111· 10110 0111011ιο 11355055οῙ

Ν31111101101111οΖ 1·1011 13111, 110 1113111οκ 01 110 111107. 1·1011 13111
11110 105 11001105 01 1115 11005 ; 115 1111110111 10115 affligor 111115
11111· 11111105105 1101105· 1111 1111111110.

