1111 PERE SANADUN. ¹7
soit agrswilile'? Λ (11101 10115 plait-il (1110 j( 101101100 110111· vous?
Το1110111 (111 830111ὶο0 (10 .1(’·5115ᾼ(]111151, 1115111111 01 31111110 1131 5011
0Χο1111110, 1( 511151105 001113111ου (111’11 ii'y 3 11011 (111011 110 (10110,
10115 11111110101·31001010, 01 10 110 (105110 11011 13111, 5111 13 10110,
(1110 (Γο110 13 110111110 11011101110110 (10 101101010111(’·, (10 10110 glou-«1
01(Ιο 10110 31110111,

Α MNT m Coxsffllnii'i'lox.

Le grand 1111130Ιο (1(1111 ,10 1315 0110 10111011] 5111111011 1111 50111
110111· in’obligei‘ (10 1110 (10101101 53115 1050110 3 10111 00 (1110 10115
011ςο1οΖ (10 11101. Car 0’051 011 00 1110310111, (1110, 110111 110 (10111101
3110111105 11011105 3 10110 01131110, 10115 311071, (10 005 5111151311005
111311131005 (1111 1101130111 (10 10115 0110 01101105, suive 1111 (301115
1113111, 01 change? 1001101110111 10 113111 011 10110 1031131110 (311311,
01 10 1111 011 10110 1011131110 Sang. Co 11’051 1101111, 0 111011 ,1051151
1011011111115110(1111 13 011013 031150 principale (10 00 pi‘odigicux
changemfflit, 111115111ιο 10 1101111111 (1’1111 1101111110 11101101 110 110111
31101111511110-13 t il 110 5013 (1110 1’11151111111οῐ11 (10 10110 1113111 01011-
(1110 111115111101110111 5111 001. 311101. (30110 1113111 (1111 3 0100 10 Cio!
01 13 10110, (1111 3 011311ςο 1’0311 011 1111, (1111 3 fait 13111 (1’3111105
prodige& va 101103101οι· 110111· 110110 5311011110311(ῑ111 001111 (1110 105
(1150111105 1110111 pour 13 1110311010 soisdans 10 53010 Β311(11101, (111
13 101110 511000(13 3 13 figure. Car, 311105 (111’115 y 01110111 11131111(ι
3100 10115 l'Agneau 1135031, 10115 1111105 (111 113111, 1011510 110111105,
1011510 1031111105 01 1011510 10111 (115111111111105, 011 10111· (11531111
Preuez ec manyez, ceci est 111011 corps: 10113111 011511110 (13115 105
11131115 11110 0011110 11101110 (10 1111, 10115 10111· (11105 z Prenez et 111(-
vez. ceci 05111103 53119. 115 011110111, ii 10110 113101οῖ 10110 011311,

3

