lenlss 1, (ΣΙΙᾸΡΙΤΙΗΓ, xxii. 77
0051110115 1111 10111115 111· 50111 110111 11110, 1011101115 1105411001·-
131115,115 50111 11111101 1111 11111115 11111 1111111110Ἶ 113100 1111011 110 105
11055011013111315 53115 1101131100 01 53115 01311110.

Α1011· 011 3110111131110 105 11101151111 10111115, 01· ubst 113513
10 11011110111· 110 1110111111ος 13 1110111001110 1111 5111111.

(ζ’051 11311110111 11110 grando 11115010 110 11110 5111· 13 10110.

Ρ1115 1111 1101111110 10111 31311001· 113115 105 111105 51111·11111·111·5 ,
11111513 110 1110501110 1111 110110111311101ος 113100 111111 50111 11110115
01 1011111115 0131101110111 1111111111110 110 13 11311110 111111131110 01 53
corruption.

Mauger, 110110, 1011101, 1111111111, 5010110501, 1131311101, 011-0
3551110111 11 1011105 105 11000551105 110 13 113111107 17051 11311110111
11110 grande 11115010 01 11110 1111311111ἱ 31111011011 110111· [1101111110
1110111, 111111011111011 0110 1101111110 110 505110115 1011051105, 01
11011110 110 10111 1100110.

3. (33111101111110 1111011031051, 011 00 1111111110 , 011311301110111
3111105311ιί par 105 11000551105 1111 0111115.

Ε1 c'est pourquoi 10 Ρ1-01111010 11011131111011 , 3100 11’31·1101111’·5
11110105, 11011 0110 assi-anchi, 11153111 2 See'fflzenr, delict-e:-
moz' cle mes 1100033110εῆ

1113111013· 110111· h ceux 11111110 0011111115501111101111 1011111115011· Σ
01 111111110111ἱ 0110010 111115 Ξι ceux 11111 1111110111 00110 11115010, 01
00110 110 1101155311Ιο 1

(311111 y 0113 11111 1”0111111·3550111 51 3111101110111, 1111313111 11
1101110101100055311·0 0111111131113111011011 1110111113111, 115110111011-
101Ὀί0111 31101111 501101 1111 1013111111· 110 Dion, s'ils 110111010111
1011101115 11110 101-1135.

4. (10101115 1115011505 01 11111110105, 51 111·111“1;1111101110111 011-

“ Ps. xxlv, 17.

