570 {jullTATmN DF„ JESL'S-CHRIS'I'.
111111151111911119. (·“951-1“1-(111·9 19 (Im-ps 1119919111 (19 ,195115-
(lin-ist. ,

1.”111111·9 951 111 1111119 (19 111 101 (1111119. qui contient la (109-
111119 51111119. (1111 9115919119 111 111119 soi. (1111 50111919 19 10119
(111 51111911111119. 91 110115 9011(11111 11199 511191911150119 (111115 19
8111111 (195 51111115.

,19 10115 1·911(15 grin—es. Seigneul· 195115, 1111111919 (19 19191·-
119119 1111111919. (19 110115 111011· (1011119, 11111· 19 111111151919 (195
[ιι-1111119195. (195 1111911195 91 (195 11111195 (1119191115, 99119 1111119 (19

111 (109111119 51111119.

5. .19 10115 1·911(15 0111995. ὁ (1191119111 91 119(191111119111 (195
11011111195. (19 99 1111111111 (19 1111111119519110119 1111101111 1111 111011(19.
10115 11197. 1119111119 1111 grand 1951111, 011 10115 110115 011191
110111 1101111111119. 11011 1113119011 figuralis, 1111115 10119 1195
5111111 (301115 91 10119 Sang.

[11111599 511919 111111(11191. (1119 pal-lagon! 11199110115195 Auges.
1111115 (10111 115 gomont plus 11191119111 111 (101199111. 10115 90111-
11192 (19 1019 10115 195 11(19195. 91 10115 195 91111197. (111 9111199 (111
5111111. (1111 9011119111 1011195195 (1911995 (111 (Ἷ191.

(ὶ. Oh! qu'elles 50111 grandes. qu'elles 50111111011911595195
fonctions (195 11191195. 1“1 qui il a 919 domu} (19 90115119191 19
Dion (19 1111119519Ι 11111· (195 111110195 511111195. (19 19 1191111119 leurs
191195. (19 19 191111· 911119 191115 111111115, (19 19 19991011· (111115
19111 110119119. 91 (19 19 (115111111191 aux autres hommes!

011! (111’91195 (10119111 9119 1111109911195. 195 mains du 1119119.
(1119 511 1)(1119119 (1011 9119 111119. 5011 corps 5111111 91 5011 111119
9191111119 (195 111115 19149195 11191195. 110111· 1999101151 501119111
Ι”λιιι(·111· (19 111 [11119191

11 119 (1011 501111· 11911 (1119 (19 5111111. 11911 (1119 (11101111919,

