le'm: 111, (ἱΙΙᾹΙἾἸΊίΕ mx. 3¹⁴.)

011οκ111101111111 5111111 01 1111111 11111110111110111. 01 111115 11151105οκ
10111 110111· 1111111 111011.

11101110 1111111111 111115 1110111115οΖ ἐι 110;1111·01111 110 1011111110115 01
(1011011105, 1·”051 01101110 110111 111011 :wanlagog 0111· 10115 avez
0111111111ιο 110111011101· 1111151 ceux 11111 111115 511111111015.

E1j‹ 110 11015 11115 111111115 111115 11111101· 111 111115 1111101 1111115 005
0111011105, 11110 51 111115 1110 101111111551οκ 1105 111115 11011005 0011-
5010110115.

3. (Ϊο51 110111· 011 10115, 5010110111· 111011 111011ἢ 1111010 111015
101110 111011 0511010001· 01 10111 111011 111111111ς 0051 1111115 10110
50111 1111010 11011050 1011105 11105 1111110110115 01 1011105 11105 an-
goisses: ear jo 110 1101110 11110 1011110550 01 111(·01151;1111·0 (111115
10111 00 (111010 101511015110 111115. ‚

1111051 1101111 111111115 11111 11111550111 1110 501111, 1111111111011111-
10010111511111 1110 5010111 110 50001115, 111 110 Sages 11111 1110 11011-
nent 1111 00115011 111110, 111 110 11110 11111 1110 00115010, 111 110 1105111·
assez grand pour 1110 1110110101, 111 110 11011 assez 500101 110111·
111ὀ[1’111· 1111 5111115110, 51 10115 110 11111011οΖ 1011511101110 1110 50-
0011111, 111311101, 1110 1111111101. 1110 0011511101, 111”111511·1111·0 01
1110 111-0111110 50115 111110 gardo.

sm. Can· 10111 10 11111 501111110 1101011· 1110011101· 111 111111 0110
11011110111 11051 11011 511115 111115. 01 1001101110111 110 5011 11011011
110111· 10111110 hcm-eux.

Vous 0105 1111111· 10 11111101110 01 10 1011110 110 10115105 1110115, 111
1110111111110 110 111110. 111 5011100 1110111115111110 110 11111101111111010
01 110 101110 1111101ος 01 1111711115 grando consolation 110 1115 501·-
1’1101115 051 1105110101· 11111111101110111 011 vous.

Mes 10111 50111 010105 1015 voum 011 10115 ,10 111015 101110
11111 conflans-0. 111011 1)1011. 11010 11051111501101111105.

Ξ;11101111οΖ 111011 111110. 11011155071-111 110 10110 00105101101101111·-

