ms - llel'l'ATloN DE Jlsslst's-cfllzls'l‘.
01 00 1110511111 31111111 01111111 110 11110 1111151 1011101115 011
3110110.

.Ιο 0111111015 5111111111 011 0001 1111111 infirmita 11110 1115111115
111111111105 111111311111110115 51111111110111 110 1111111 0511111111011
111115 11101101110111 (11101105 11011 511110111.

3. Ρ1115511111 Β1011 111511101, 110101150111· 1105 1111105 11110105,
1111131111Ζ1111111· 1111 10311111 5111· 111110 5011110111· 11111130 01 1111115
10 111111111, 01 511107, 11105110 1111 110111· 11111101· 011 10111 00 111111
01111011101111111.

110111111155οΖ-11101 1111110 111100 1111110 0010510, 110 110111· 11111· 10
11011 1101111110, 01, 00110 0111111110 1100110 11111 11051 11115 01101110
011110101110111 5011111150 11 10511111, 110 111011110 01 110 11011111101
0110 0011110 qui 1111115 (10111115 0011111111110111511111111 (10111101 5011-
1111 1111115 00110 110 01111131ῖο 110 111111 110 111150105.

110111511111’051-1·0 11110 00110 110, 1155113300 110 11111105 1111115
110 1111111111110115 01 110 11011105, 0111110111100 110 1110305 01 11011-
11011115 ’ἲ

Ε51-011 11011110 1111110 1111110111111 011 1111110 101111111011, 11111·
1111110 1111 51100011ος 01 1011 0011111111 11101110011001011111101111010,
11110 1111111105 511111011110111 11101111101110111.

’1. Comme-111 110111-011 11111101· 11110 1101011111110 1101111111111-
1111·1111111051 51110110 11 111111 111· mmlx 01 110 01111111111051

(3(11111110111 110111-1111 11101110 1111110101 110 00 11111 01130111110
111111 110 111111101115 01 111111 111· 11111115 '.'

Et 00110111111111 1111 11111110, 01 plusieurs y 011010110111 lvm-
10110110.

011 1011100110 501110111 1111 1111111110 110110 110111110111· 01 1111111
01 1111110111151111 l(- 11111110 11111101101110111,1111100 11111111 051 01101111·
«1111111110 1111110501111111111505111· 111 1111111.

