311 lslmTATlON 111] JEsl's-CH Rffl'l'.
.1”3ἰ 1011311(111 011 oux d'inoss‘ahlos 00115(113110115; je 10111· 31
(1011110 (10 11015010101, 01 j'ai 0001011110 10111· 1131101100.

1. ,10 00110015 10 1110111101 01 10 (10111101, 0110105 01111113550
10115 113115 111011 31110111· 1111100050. ,

(ἶ’051 11101 (111011 (1011 101101· 113115 111115 11105 33111151 11101
(111011 (1011 1101111311-(1055115 110 10111 01 11000101 011 01130110 (10
ceux 11110 j'ai ainsi 010105 (13115 13 0111110 01 111-0110511005, 53115
31101105 10011105 1110001101115 110 1011111311.

(101111 110110 qui 1110111150 10 111115 110111 (105 1010115, n'ho—
11010 1135 10 111115 grand, 113100 (1110 j‘ai fail 01 10 110111 01 10
grand.

El (1010011111ιο 131131550 (1001111100 (10 11105 saints, 1110 13-
11111550 0101-11101110, 01 10115 ceux (1111 50111 (13115101013111110 (105
(lieux,

Tous 110 50111 (111’1111 113110 11011 (10 13 01131110 : 115 110111 10115
(1111111 11101110 5001101001, 11110 11101110 10101110, 01 50111 10115
111115 1131· 10 11101110 31110111.

3. 121 00 (1111 051 111115 11311311 0110010, 115 0131010111 111115
(111115 110 5311110111, 111115 11110 10115 10015 10011105.

113115 311-(1055115 (1’011.1-111011105, 110-(1055115 (10 10111· 11101110
31110111, 115 50 111011ςο111 01 50 1101110111 (13115 10 011011, 01 s'y
1011050111 (1011(-1011501110111,

Rieu 110 53111011 11311330110111· 000111, 111 10 1101001001· 1015
1111 311110 (111101 3 113100 (1110, 1011111115 (10 13 101110 0101110110, 115
111-010111 1111110 01131110 11111 110 110111 5010101110. ·

Que 105 11011111105 0115010115 (1311513 011311· 01 505 001110111505.
105 11011111105 (1111 110 5310111 3111101· (1110 105 10105 0101051105,
00550111 (1110(- (10 (1150011111 5111· 10131 (105 5311115. 115 1011311-
(110111 01 115 3101110111 51111301 10111· 1001111311011, 01 11011 1135
501011 (1110 1’;1 10010 Ι;1 101110 0101110110.

