1112 L‘lMl'sATloN DE Jsssus-(znssls‘s.

Car. (19111115 11191119 (19 1113 11315531199 jusqu‘h 11111 111011 5111·
111 croix. ,1911111 jamnis 919 53115 (101119111.

.1”31 19911 (13115 11119 1111191119 111111391199 (195 choses de 99
111(111(19 ; ι1’319111911(111 50019111 111911 (195 1113111195 (19 11101; j'ai
smlss'erl avec· (10099111 195 affl-oms 91 195 0111111995 2 je n'ai
1991191111 5111· 111 19119, 110111 1119511191113115, (1119 (19 l'ingrali-
111(19; 110111· 11195 1111139195, (1119 (195 111351111911195; 110111· 1113
1109111119. (1119 descensuros. -

2. LE F. Puisque 10115 3192111011119, 5919119111, 13111 (19
1131191199 (11113111 10119 1-19, 39901111111553111 11111· 111, (111119 1113-
111919 113113119, 99 (1119 10119 Ρ91·9 (1911131111011 (19 10115, 11 951
111911 juste (1111911101, 11311119 1199119111, je 501111191131191111119111
1113 11115919 591011 10119 10101119, 91 (111919 110119 pour 111011
531111, 311551 10111319111115 (1119 10115 19 10011197.. 19 poids (19
99119 1-19 90111111111119.

Car⁷ 111911 (1119 13 1191119591119 5011 11191119 (19 (1011191115, 9119
(191·19111 9911911(111111 11111· 10119 grimo 11119 5011199 1111011(131119
(19 1119111951 91 10119 9191111119. 511111 1131· 105 Sainls,v 131911(1
511111101131119 91 11199191159, 11191119 aux 10111195.

Ello 951 311551 beaucoup 111115 1911111119 (19 9011501311011 (1119
(111115 [3119190119 101, (111311(1 195 1101195 (111 (3191 91019111 9119019
191111995. (1119 13 1019 (111 (Liol 59111111011 111115 011591119, 91 (1119
51 11911 50991111019111 (19 9119191191 19 1013111119 (19 Ι)1911.

Les justes 11191119. Ξι (111119 531111 91011 1959119, 119 110111019111
9111191 (13115 19 1013111119 9919519 (1111111195 13 901150111111311011
(19 105 south-ancos 91 19 11111111 51191911(- 10119 111011.

3. Oh! (11191195 9111995 119 dois—je 1135 10115 1911(119 (19 99 (1119
10115 111’9κ(131;,;·119 1119 1110111191, 91 Ξι 10115 195 fidolo& 13 1019
(ΙΙ-(1119 91 51119 (1111 (011(11111 Ξι 10119 1013111119 91911191 Σ

(131· 10119 119 951 nou-‹- 1019; 91 1131· 11119 51111119 113

