LIVRE lv. (ΙΗᾹΙἿΤΗΕ XV. 587»
grimo, 51 110111111111 1”(111 116111 1111116161 11611 (16 (11056, 61 51 Ι’(111
116 (1(111 11115 11111101 6011111161· 110111· 116311601111 66 (1111 110115111116
(1“1111 51 grand 111611.
Mais, (11161 (1116 5011 661 0115111616 51 1011516 5111111011167, 1131·-
1111161116111. 10115 01111611(116κ (·6 (1116 10115 (16111311116κ.

3. Car, (165 (1116 10115 10115 56167, (1011116 11 Ι)1611 (16 10111
10116 606111. 61 (1116. 66553111 (161161 (10111615 611 0111615 1111
gr& (16 105 (165115. 10115 10115 56167, 1611115 611116161116111 611116
565 11131115, 101151101116161 13 111111 (13115 66116 11111011. 113166
(1116 11611 116 10115 5613 (10111 (1116 66 (1111 116111 1111 1113116.

Quiconque 6161113 (1011(- 5011 111161111011 1615 Β1611 3166 1111
((6111 511111116, 61 56 (1611366111 (16 10111 31110111 61 (16 101116 3161-
51011 (16166166 (165 (1611111165, 5613 1110111611 16661011· 13 grimo,
61 digno (111 (1011 (16 13 16116111.

Car Ι)1611 1611111111 53 116116111611011 (111 11 1101116 (165 111565
vidos: 61 111115 1111 1101111116 161101116 111111111161116111 aux 6110565
‹sici-bas. 111115 11 56 1116111156 61 11161111 11 1111-11161116, 111115 111
ι111-1166 11611111 1111111011111161116111. 111115 6116 1611111111 5011 (16111.
61 ram-auehit 61 161616.

ft. Alors, 1311 (1”61(ῐ11111(;)111(ζ1111, 11 161111 (·6 (11111 1131011 1101111
111, 61 11 5613 (13115 1311111111111166, 61 5011 606111 56 (1111116111.
113166 qu(¹ 16 seigneur 651 3166 1111, 61 (11111 5651 1111-11161116
1611115 511115 1656116 61 110111 1011101115 611116 565 11131115.

6651 1111151 (1116 56111 boni l'honnne qui (11616116 Dion (16
10111 5011 606111. 61 (μα’ η’(ι pas reg-1( sun ame en rain ¹.

(16 1115611116 1111616. 611 1666111111 13 5311116 11116113115116. 1116-
1116 (1011161111 111 grin-0 ‹l'uno 11111011 111115 grande 1116(Ι 16 Soi-
gnour, 113166 111111 116 (’·01151(1(’·1·6 1101111 (·(· (1111 1111 651 doux.

¹ 1¹5. 11111,’(,

