232 L‘lMlTATION liF, JESI‘S—Cllssls'lss

.Ιο 110 51115 1·0 11110 19051. 111 111101 0511111 110115 1011111111, 111
00 11110 110115 1111’·1011110115., 110115 1111011 100111111- 0011111ιο 1105
11011111105 10111 511111111015, 110 1101115111110 11101· 111111 110 111111111
01 110 501101 1105 0110505 11105 01 111155390105. lorsque 51 11110-
1110111 110115 110115 1001101110115 110111 11011501, 511115 1111011110 (115-
1111011011, 11 110110 01111 imm-leur.

[ι. 1101115 ! Ξι 1101110 5011111105-110115 10111105 011 110115-111011105,
11110 110115 1111115 1111111115 11011 501111. 5111151111111115 5011011501110111
011111111101· 110510111105.

Nous 110 1·011511101·01151101111 11151111011 ‹les-condent 1105 111100-
110115, 01110115 110 ςο1111550115 1101111 110 1·0 que 10111 011 110115
051 111111111.

Tonce 01111111110110011011010 sa roie¹3 01 0051 11011111110110
11011κῖζο 5111111.

01111111] 110111· 1105 111101110115 101011011105 50111 00110111111105,
01105 (011-0111110111 11000551111011101111105 actions, 01 (1010110111
111115110111011111111110550 110 110110 111110.

Les sruits 1111110 11011110 110 110 0101550111 11110 1111115 1111 010111·
ι)111“.

3. 0111101111111110 111111 1101111110, 1111”11-1-11 sain? Mais s'il l’a
sai! 1101101111, c'csl Ξ1 quoi l'on regarde 111011 moins.

011 10111 5111011511 11 1111 1111111130, 1105 1101105505, 110 111
1101111114, 110 111 50101100, 51111011 011 5’11 chame 111011. 5”11 051
111111110 1111115 511 1111110551011 3 1111115 011 110 5111101011· gui-re s'il
051 11111111110. doux, 1111110111, pieux, 1010110111.

La 111111110 110 0005111010 11110 10 (1011015 110 1110111111ος la
griis& 1114110110 1111 1101111115.

(zelle-121 50 1111111110 501110111 3 00110-οἰ 0511010 011 1)1011 110111
110110 11115 1101111100.

Ι(3011 11, 12.

