152 llelTATION DE Jlisvs-Cflffls'r.

11 110 1031111110 11115 aux 110115, 1111115 11 501010 1111-11055115 110
111115 1051110115, 11151111’Ξ1 001111 11111 11011110.

[amour 501110111 110 0111111011 1101111 110 11105111·ος 1111115,
0111111110 1’01111 11111 11011111011110, 11 1101101110 110 1011105 1111115.

1111111110 1111 11050, 11011 110 1111 00111ος 11101110 111115 1111’11110
110111; 1111111115 11 110 11101οΧ10 111111105511111110, 1111000 1111’11 50
01011 101111105511110 01 111111 110111115.

Et 110111150 11000111 11 110111 10111, 01 11 111-0011111111 1101111001111
1100110505 11111 111110110111 01 11111 01111150111 11111101110111 001111 11111
11”1111110 1101111.

5. L‘amour 101110 5505005501 1111115 10 50111111011 11101110 11 110
11011 1101111.

Α11011110 saligno 110 10 111550, 1111011115110115 110 1111111051111115-
50111, 11110111105 1111101115 110 10 110111110111 ; 1111115, 1011111’11110
11111111110 1110 01 11011011111110 , 11 §blanco 1015 10 (3101, 01
5011110 1111 ssu· 11115511ςο Ξι 11111015 111115 105 obstac-les.

Si 1111011111“1111 1111110, 11 011101111 00 11110 1111 00110 1011.

1510110111 11101110 1111110 111110 0111111115όο 501010 1115111111 Ι)1011
0111111110 1111 grand 01·1 : Mon Dion! 111011 amour! 10115 0105
111111 11111111, 0111 51115 10111 Ξι 10115.

6. Ι)11111οΖ-111011111115 1’1111111111·, 111111 11110 11111111011110 Ξι gomer
1111 1111111110 111011 010111· 011111111011 11 051 doux 11”11111101· 01110 50
10111110 01 110 50 11011110 1111115 1”111110111·.

Quo l'amoul· 1110 11111550 01 111’1’·1“010 1111-11055115 110 11101-
11101110 11111· 111 111110110 110 505 11·1111511111·15.

Quo 100111111ῐο 10 0111111111ιο 110 1111110111, que 10 10115 511110.
1“1 111011 111011-1111110 1 111511110 1111115 105 11111110111·5 110 111110 gloiwg
1111011111105 105 [111105 110 1111111 111111Ι 501111150111 Ξι 1111151111101·,
01 1111”01101101”111110 11011110 01 (famous.

Qu«¹ 101111151111110 111115 11110 111111,1111010 110 1111111110 111111-

